shape_id,shape_pt_lat,shape_pt_lon,shape_pt_sequence
1,38.438656,-122.713593,0
1,38.439068,-122.712662,1
1,38.440067,-122.713402,2
1,38.440289,-122.71357,3
1,38.440418,-122.713669,4
1,38.440559,-122.713776,5
1,38.441036,-122.714134,6
1,38.441193,-122.714249,7
1,38.441216,-122.714264,8
1,38.44149,-122.71447,9
1,38.441757,-122.714653,10
1,38.442066,-122.714897,11
1,38.442238,-122.715019,12
1,38.442299,-122.715065,13
1,38.442532,-122.715233,14
1,38.442738,-122.71537,15
1,38.442837,-122.715439,16
1,38.442986,-122.715546,17
1,38.443211,-122.715706,18
1,38.443401,-122.715843,19
1,38.443802,-122.716148,20
1,38.443981,-122.716278,21
1,38.444042,-122.716316,22
1,38.44434,-122.716537,23
1,38.444653,-122.716782,24
1,38.444729,-122.716835,25
1,38.444942,-122.716995,26
1,38.445217,-122.717209,27
1,38.445377,-122.717331,28
1,38.461056,-122.716988,29
1,38.460846,-122.716965,30
1,38.460743,-122.716949,31
1,38.460602,-122.716942,32
1,38.460464,-122.716942,33
1,38.460323,-122.716942,34
1,38.460217,-122.716949,35
1,38.459621,-122.716965,36
1,38.459293,-122.716972,37
1,38.45908,-122.716988,38
1,38.45895,-122.716995,39
1,38.458794,-122.71701,40
1,38.458729,-122.71701,41
1,38.45842,-122.717026,42
1,38.457985,-122.717049,43
1,38.45763,-122.717064,44
1,38.457603,-122.717064,45
1,38.457348,-122.717072,46
1,38.456944,-122.717102,47
1,38.456581,-122.717102,48
1,38.456482,-122.717102,49
1,38.456173,-122.71711,50
1,38.455814,-122.717125,51
1,38.455311,-122.717155,52
1,38.45496,-122.717163,53
1,38.454765,-122.717171,54
1,38.454758,-122.717171,55
1,38.454712,-122.717178,56
1,38.454315,-122.717201,57
1,38.454159,-122.717216,58
1,38.454082,-122.717216,59
1,38.453819,-122.717216,60
1,38.453674,-122.717216,61
1,38.453594,-122.717216,62
1,38.453411,-122.717041,63
1,38.450726,-122.71714,64
1,38.448833,-122.717216,65
1,38.44701,-122.717339,66
1,38.446236,-122.717361,67
1,38.446091,-122.717361,68
1,38.445908,-122.717354,69
1,38.445377,-122.717331,70
1,38.470966,-122.703644,71
1,38.470951,-122.703651,72
1,38.470936,-122.703651,73
1,38.470924,-122.703659,74
1,38.470921,-122.703659,75
1,38.47065,-122.703712,76
1,38.47031,-122.703773,77
1,38.470123,-122.703804,78
1,38.470036,-122.703827,79
1,38.469975,-122.703842,80
1,38.469784,-122.703911,81
1,38.469574,-122.703979,82
1,38.469391,-122.704056,83
1,38.469379,-122.704056,84
1,38.469364,-122.704063,85
1,38.469353,-122.704071,86
1,38.469337,-122.704079,87
1,38.469326,-122.704086,88
1,38.469315,-122.704094,89
1,38.469299,-122.704102,90
1,38.469288,-122.704109,91
1,38.469276,-122.704117,92
1,38.469261,-122.704124,93
1,38.469257,-122.704124,94
1,38.46925,-122.704132,95
1,38.469238,-122.70414,96
1,38.469227,-122.704147,97
1,38.469212,-122.704163,98
1,38.4692,-122.70417,99
1,38.469189,-122.704178,100
1,38.469177,-122.704193,101
1,38.469166,-122.704201,102
1,38.469154,-122.704208,103
1,38.469143,-122.704224,104
1,38.469131,-122.704231,105
1,38.46912,-122.704247,106
1,38.469109,-122.704254,107
1,38.469097,-122.704269,108
1,38.46909,-122.704277,109
1,38.469078,-122.704292,110
1,38.469067,-122.7043,111
1,38.469055,-122.704315,112
1,38.469048,-122.70433,113
1,38.469036,-122.704338,114
1,38.469028,-122.704353,115
1,38.469017,-122.704369,116
1,38.469017,-122.704369,117
1,38.469009,-122.704384,118
1,38.468998,-122.704391,119
1,38.46899,-122.704407,120
1,38.468983,-122.704422,121
1,38.468971,-122.704437,122
1,38.468964,-122.704453,123
1,38.468956,-122.704468,124
1,38.468948,-122.704475,125
1,38.468941,-122.704491,126
1,38.468929,-122.704506,127
1,38.468922,-122.704521,128
1,38.468918,-122.704536,129
1,38.46891,-122.704552,130
1,38.468903,-122.704567,131
1,38.468895,-122.704582,132
1,38.468891,-122.704597,133
1,38.468887,-122.704597,134
1,38.468884,-122.704613,135
1,38.468876,-122.704628,136
1,38.468868,-122.704643,137
1,38.468861,-122.704666,138
1,38.468857,-122.704681,139
1,38.468849,-122.704697,140
1,38.468845,-122.704712,141
1,38.468838,-122.704727,142
1,38.468834,-122.70475,143
1,38.468826,-122.704765,144
1,38.468822,-122.704781,145
1,38.468819,-122.704803,146
1,38.468815,-122.704819,147
1,38.468811,-122.704834,148
1,38.468803,-122.704849,149
1,38.4688,-122.704872,150
1,38.4688,-122.704887,151
1,38.468796,-122.70491,152
1,38.468792,-122.704926,153
1,38.468788,-122.704941,154
1,38.468784,-122.704964,155
1,38.468781,-122.704979,156
1,38.468781,-122.704994,157
1,38.468781,-122.705002,158
1,38.468777,-122.705269,159
1,38.468769,-122.705429,160
1,38.468761,-122.705574,161
1,38.468754,-122.706116,162
1,38.46875,-122.706215,163
1,38.468742,-122.706299,164
1,38.468739,-122.706322,165
1,38.468723,-122.706421,166
1,38.468704,-122.706528,167
1,38.468685,-122.706627,168
1,38.468666,-122.706696,169
1,38.468658,-122.706718,170
1,38.468651,-122.706734,171
1,38.468563,-122.707008,172
1,38.468479,-122.707275,173
1,38.468433,-122.707428,174
1,38.468399,-122.707565,175
1,38.468353,-122.707741,176
1,38.468323,-122.707855,177
1,38.468296,-122.707977,178
1,38.468273,-122.708092,179
1,38.468254,-122.708214,180
1,38.468243,-122.708336,181
1,38.468231,-122.708466,182
1,38.468227,-122.708588,183
1,38.468224,-122.708611,184
1,38.468224,-122.708649,185
1,38.468224,-122.708733,186
1,38.468227,-122.708847,187
1,38.468235,-122.708969,188
1,38.468246,-122.709084,189
1,38.468262,-122.709206,190
1,38.468281,-122.70932,191
1,38.468288,-122.709343,192
1,38.468433,-122.709915,193
1,38.468494,-122.710175,194
1,38.468533,-122.710388,195
1,38.468552,-122.710556,196
1,38.468544,-122.710815,197
1,38.468502,-122.711052,198
1,38.468426,-122.711288,199
1,38.468311,-122.711517,200
1,38.467674,-122.7127,201
1,38.467518,-122.712982,202
1,38.467304,-122.713303,203
1,38.467239,-122.713371,204
1,38.467171,-122.71344,205
1,38.467152,-122.713463,206
1,38.467072,-122.713547,207
1,38.466991,-122.713623,208
1,38.466908,-122.713699,209
1,38.466824,-122.713768,210
1,38.466743,-122.713821,211
1,38.466736,-122.713829,212
1,38.466698,-122.71386,213
1,38.466564,-122.713951,214
1,38.466499,-122.713997,215
1,38.466309,-122.714142,216
1,38.466122,-122.714279,217
1,38.466068,-122.714325,218
1,38.466015,-122.714363,219
1,38.465958,-122.714394,220
1,38.4659,-122.714417,221
1,38.465839,-122.714439,222
1,38.465778,-122.714455,223
1,38.465717,-122.71447,224
1,38.465698,-122.71447,225
1,38.465656,-122.714478,226
1,38.465656,-122.714478,227
1,38.4655,-122.714478,228
1,38.465317,-122.714462,229
1,38.465084,-122.714439,230
1,38.465038,-122.714432,231
1,38.464741,-122.714409,232
1,38.464676,-122.714409,233
1,38.464622,-122.714401,234
1,38.464577,-122.714386,235
1,38.464527,-122.714371,236
1,38.464478,-122.714348,237
1,38.464432,-122.714317,238
1,38.46439,-122.714287,239
1,38.464348,-122.714249,240
1,38.46431,-122.714211,241
1,38.464287,-122.71418,242
1,38.464191,-122.714081,243
1,38.463993,-122.713867,244
1,38.463684,-122.713531,245
1,38.463379,-122.713196,246
1,38.463364,-122.713173,247
1,38.463177,-122.712975,248
1,38.463104,-122.712898,249
1,38.462914,-122.712692,250
1,38.462849,-122.712624,251
1,38.462826,-122.712593,252
1,38.462631,-122.712372,253
1,38.462547,-122.712646,254
1,38.462429,-122.712997,255
1,38.462303,-122.713341,256
1,38.462292,-122.713371,257
1,38.462135,-122.713829,258
1,38.462032,-122.714165,259
1,38.462009,-122.714226,260
1,38.461887,-122.714592,261
1,38.461742,-122.715042,262
1,38.461697,-122.715164,263
1,38.461555,-122.715553,264
1,38.46133,-122.716171,265
1,38.461212,-122.716522,266
1,38.461056,-122.716988,267
1,38.461056,-122.716988,268
1,38.461224,-122.717033,269
1,38.461315,-122.717064,270
1,38.461407,-122.717094,271
1,38.461494,-122.71714,272
1,38.461582,-122.717186,273
1,38.461903,-122.717384,274
1,38.462444,-122.717697,275
1,38.462917,-122.717957,276
1,38.463169,-122.718102,277
1,38.463604,-122.718346,278
1,38.464363,-122.718781,279
1,38.465111,-122.719208,280
1,38.465912,-122.719673,281
1,38.466282,-122.719879,282
1,38.466702,-122.720116,283
1,38.466835,-122.720192,284
1,38.467033,-122.720306,285
1,38.467236,-122.720413,286
1,38.467239,-122.720413,287
1,38.467411,-122.720528,288
1,38.467587,-122.720634,289
1,38.467754,-122.720749,290
1,38.467922,-122.720871,291
1,38.46806,-122.720963,292
1,38.468372,-122.721184,293
1,38.4688,-122.721474,294
1,38.46909,-122.721672,295
1,38.469154,-122.721718,296
1,38.469234,-122.721771,297
1,38.469299,-122.721832,298
1,38.469303,-122.721832,299
1,38.469368,-122.721878,300
1,38.469429,-122.721931,301
1,38.469543,-122.722023,302
1,38.469601,-122.722069,303
1,38.469608,-122.722076,304
1,38.469898,-122.722321,305
1,38.47044,-122.722771,306
1,38.470531,-122.722832,307
1,38.470627,-122.7229,308
1,38.470718,-122.722969,309
1,38.47081,-122.723045,310
1,38.470898,-122.723129,311
1,38.470982,-122.723213,312
1,38.471066,-122.723305,313
1,38.471355,-122.723663,314
1,38.471569,-122.723953,315
1,38.471886,-122.724388,316
1,38.472507,-122.725243,317
1,38.472702,-122.72551,318
1,38.473072,-122.726006,319
1,38.473206,-122.726181,320
1,38.473465,-122.726532,321
1,38.47385,-122.727058,322
1,38.474087,-122.727379,323
1,38.474136,-122.727448,324
1,38.474163,-122.727486,325
1,38.474434,-122.727867,326
1,38.474506,-122.727974,327
1,38.474575,-122.728081,328
1,38.474632,-122.72818,329
1,38.474781,-122.728455,330
1,38.474895,-122.728073,331
1,38.475235,-122.726913,332
1,38.475365,-122.726433,333
1,38.475437,-122.726128,334
1,38.475491,-122.726151,335
1,38.475834,-122.726295,336
1,38.476013,-122.726395,337
1,38.476177,-122.726524,338
1,38.476292,-122.726639,339
1,38.476437,-122.726799,340
1,38.476559,-122.726936,341
1,38.476692,-122.727043,342
1,38.476826,-122.727112,343
1,38.476971,-122.727142,344
1,38.4771,-122.727158,345
1,38.477371,-122.727203,346
1,38.477547,-122.727249,347
1,38.477715,-122.727348,348
1,38.477867,-122.727463,349
1,38.478001,-122.727608,350
1,38.478138,-122.727821,351
1,38.478405,-122.72831,352
1,38.478523,-122.728523,353
1,38.478642,-122.728683,354
1,38.478779,-122.728813,355
1,38.478943,-122.72892,356
1,38.479118,-122.728996,357
1,38.479263,-122.729019,358
1,38.479397,-122.729012,359
1,38.47953,-122.728981,360
1,38.47966,-122.728935,361
1,38.479782,-122.728859,362
1,38.479912,-122.728729,363
1,38.48003,-122.728584,364
1,38.480137,-122.728409,365
1,38.480515,-122.727356,366
1,38.480595,-122.727142,367
1,38.480629,-122.726974,368
1,38.480648,-122.726799,369
1,38.480648,-122.726608,370
1,38.480602,-122.726341,371
1,38.480541,-122.726158,372
1,38.480453,-122.725967,373
1,38.48035,-122.725815,374
1,38.480129,-122.725578,375
1,38.479939,-122.725395,376
1,38.479794,-122.72522,377
1,38.479702,-122.725075,378
1,38.479614,-122.724838,379
1,38.479164,-122.723495,380
1,38.479084,-122.723305,381
1,38.478992,-122.723145,382
1,38.47887,-122.722992,383
1,38.478741,-122.722847,384
1,38.478439,-122.722511,385
1,38.478233,-122.722298,386
1,38.478123,-122.722122,387
1,38.478046,-122.721931,388
1,38.478008,-122.721741,389
1,38.477997,-122.721565,390
1,38.478008,-122.721344,391
1,38.478046,-122.72113,392
1,38.478058,-122.721054,393
1,38.478165,-122.721085,394
1,38.47831,-122.721115,395
1,38.478554,-122.721092,396
1,38.478752,-122.721039,397
1,38.478977,-122.720932,398
1,38.479179,-122.720757,399
1,38.479645,-122.720245,400
1,38.479965,-122.719856,401
1,38.480118,-122.71962,402
1,38.480221,-122.71936,403
1,38.480328,-122.718979,404
1,38.480453,-122.718468,405
1,38.480595,-122.718063,406
1,38.480789,-122.717667,407
1,38.480999,-122.717384,408
1,38.48127,-122.717094,409
1,38.481575,-122.716766,410
1,38.48175,-122.716553,411
1,38.481918,-122.716263,412
1,38.482048,-122.715965,413
1,38.482155,-122.715652,414
1,38.48222,-122.715332,415
1,38.482273,-122.714951,416
1,38.482338,-122.714447,417
1,38.482418,-122.714104,418
1,38.482513,-122.713799,419
1,38.482628,-122.713531,420
1,38.482796,-122.713234,421
1,38.482937,-122.713028,422
1,38.483101,-122.712822,423
1,38.483288,-122.712631,424
1,38.483521,-122.712425,425
1,38.483734,-122.712265,426
1,38.484497,-122.711769,427
1,38.485222,-122.71138,428
1,38.486141,-122.71096,429
1,38.486122,-122.710899,430
1,38.486053,-122.710518,431
1,38.486019,-122.710243,432
1,38.486012,-122.709915,433
1,38.486015,-122.708115,434
1,38.486015,-122.707764,435
1,38.485977,-122.707558,436
1,38.485912,-122.707359,437
1,38.485809,-122.707176,438
1,38.485668,-122.707024,439
1,38.485542,-122.70694,440
1,38.485355,-122.706886,441
1,38.485344,-122.706879,442
1,38.485332,-122.706871,443
1,38.485317,-122.706863,444
1,38.485306,-122.706863,445
1,38.485294,-122.706856,446
1,38.485279,-122.706848,447
1,38.485268,-122.706841,448
1,38.485252,-122.706833,449
1,38.485241,-122.706833,450
1,38.485226,-122.706825,451
1,38.485214,-122.706818,452
1,38.485199,-122.706818,453
1,38.485188,-122.70681,454
1,38.485172,-122.70681,455
1,38.485157,-122.706802,456
1,38.485146,-122.706802,457
1,38.485134,-122.706802,458
1,38.485119,-122.706795,459
1,38.485115,-122.706787,460
1,38.485054,-122.706757,461
1,38.485046,-122.706757,462
1,38.485027,-122.706741,463
1,38.485012,-122.706734,464
1,38.484993,-122.706726,465
1,38.484978,-122.706718,466
1,38.484959,-122.706703,467
1,38.484943,-122.706696,468
1,38.484924,-122.70668,469
1,38.484909,-122.706673,470
1,38.484898,-122.706665,471
1,38.484825,-122.706612,472
1,38.48481,-122.706596,473
1,38.484795,-122.706589,474
1,38.484787,-122.706581,475
1,38.484764,-122.706558,476
1,38.484741,-122.706535,477
1,38.484715,-122.70652,478
1,38.484692,-122.706497,479
1,38.484669,-122.706482,480
1,38.484646,-122.706459,481
1,38.484619,-122.706444,482
1,38.484596,-122.706421,483
1,38.484573,-122.706406,484
1,38.484558,-122.706398,485
1,38.484535,-122.706383,486
1,38.484509,-122.706375,487
1,38.484482,-122.706367,488
1,38.484455,-122.706352,489
1,38.484428,-122.706345,490
1,38.484402,-122.706337,491
1,38.484375,-122.706329,492
1,38.484348,-122.706322,493
1,38.484322,-122.706314,494
1,38.484299,-122.706306,495
1,38.484268,-122.706291,496
1,38.484241,-122.706291,497
1,38.484215,-122.706284,498
1,38.484215,-122.706284,499
1,38.484196,-122.706276,500
1,38.484173,-122.706268,501
1,38.484154,-122.706261,502
1,38.484135,-122.706261,503
1,38.484112,-122.706253,504
1,38.484093,-122.706245,505
1,38.484074,-122.706238,506
1,38.484051,-122.70623,507
1,38.484032,-122.706223,508
1,38.484013,-122.706215,509
1,38.483994,-122.706207,510
1,38.483971,-122.7062,511
1,38.483952,-122.706192,512
1,38.483932,-122.706184,513
1,38.483913,-122.706177,514
1,38.483894,-122.706161,515
1,38.483871,-122.706154,516
1,38.483852,-122.706146,517
1,38.483833,-122.706131,518
1,38.483814,-122.706123,519
1,38.483795,-122.706116,520
1,38.483776,-122.7061,521
1,38.483757,-122.706093,522
1,38.483738,-122.706078,523
1,38.483719,-122.70607,524
1,38.4837,-122.706055,525
1,38.483688,-122.706047,526
1,38.483589,-122.705956,527
1,38.483421,-122.705696,528
1,38.483376,-122.705521,529
1,38.483318,-122.70536,530
1,38.483311,-122.705345,531
1,38.483288,-122.705292,532
1,38.483261,-122.705231,533
1,38.483227,-122.705177,534
1,38.483192,-122.705132,535
1,38.483154,-122.705086,536
1,38.482986,-122.704887,537
1,38.482983,-122.70488,538
1,38.482941,-122.704842,539
1,38.482899,-122.704811,540
1,38.482849,-122.704788,541
1,38.482845,-122.704781,542
1,38.4828,-122.704765,543
1,38.482754,-122.704742,544
1,38.482708,-122.704735,545
1,38.482658,-122.704727,546
1,38.482613,-122.704727,547
1,38.482567,-122.704735,548
1,38.482517,-122.70475,549
1,38.482384,-122.704788,550
1,38.482327,-122.704803,551
1,38.482224,-122.704819,552
1,38.482117,-122.704834,553
1,38.482037,-122.704834,554
1,38.481899,-122.704842,555
1,38.481766,-122.704834,556
1,38.481712,-122.704834,557
1,38.48156,-122.704842,558
1,38.481354,-122.704842,559
1,38.481148,-122.704849,560
1,38.480995,-122.704842,561
1,38.48093,-122.704834,562
1,38.480686,-122.704842,563
1,38.48048,-122.704857,564
1,38.480198,-122.704872,565
1,38.479984,-122.704872,566
1,38.479687,-122.704865,567
1,38.479622,-122.704865,568
1,38.479473,-122.704865,569
1,38.479275,-122.704865,570
1,38.479034,-122.704872,571
1,38.478905,-122.704865,572
1,38.478771,-122.704857,573
1,38.478531,-122.704842,574
1,38.478523,-122.704842,575
1,38.47847,-122.704826,576
1,38.47842,-122.704811,577
1,38.478371,-122.704796,578
1,38.478325,-122.704765,579
1,38.478275,-122.704735,580
1,38.478233,-122.704697,581
1,38.478191,-122.704659,582
1,38.478134,-122.704605,583
1,38.478001,-122.70446,584
1,38.477993,-122.704453,585
1,38.477955,-122.704407,586
1,38.477844,-122.704285,587
1,38.477642,-122.704056,588
1,38.477627,-122.704033,589
1,38.477474,-122.70388,590
1,38.477436,-122.703842,591
1,38.47736,-122.703781,592
1,38.477345,-122.703766,593
1,38.477253,-122.703697,594
1,38.477158,-122.703629,595
1,38.477062,-122.703568,596
1,38.476917,-122.703529,597
1,38.476772,-122.703499,598
1,38.476627,-122.703476,599
1,38.476482,-122.703461,600
1,38.476463,-122.703453,601
1,38.476353,-122.703445,602
1,38.476299,-122.703445,603
1,38.476242,-122.703445,604
1,38.476135,-122.703445,605
1,38.476128,-122.703453,606
1,38.476017,-122.703461,607
1,38.476006,-122.703461,608
1,38.475658,-122.703476,609
1,38.475361,-122.703491,610
1,38.475143,-122.703499,611
1,38.474979,-122.703506,612
1,38.474873,-122.703506,613
1,38.474716,-122.703514,614
1,38.474663,-122.703514,615
1,38.474609,-122.703522,616
1,38.474499,-122.703522,617
1,38.474388,-122.703522,618
1,38.4743,-122.703514,619
1,38.474091,-122.703499,620
1,38.473873,-122.703484,621
1,38.473625,-122.703461,622
1,38.473484,-122.703438,623
1,38.473305,-122.703415,624
1,38.473274,-122.703415,625
1,38.473198,-122.703407,626
1,38.473083,-122.703407,627
1,38.473076,-122.703407,628
1,38.473,-122.703407,629
1,38.472858,-122.703407,630
1,38.472675,-122.703407,631
1,38.472481,-122.703407,632
1,38.472305,-122.703423,633
1,38.472263,-122.703423,634
1,38.472172,-122.703438,635
1,38.472084,-122.703453,636
1,38.471939,-122.703476,637
1,38.471882,-122.703484,638
1,38.471821,-122.703491,639
1,38.471783,-122.703491,640
1,38.471745,-122.703484,641
1,38.47171,-122.703476,642
1,38.471676,-122.703461,643
1,38.471649,-122.703445,644
1,38.471527,-122.703377,645
1,38.471413,-122.70327,646
1,38.471394,-122.7033,647
1,38.471355,-122.703354,648
1,38.471333,-122.703377,649
1,38.471188,-122.703522,650
1,38.471176,-122.703529,651
1,38.471165,-122.703537,652
1,38.471149,-122.703545,653
1,38.471138,-122.703552,654
1,38.471127,-122.70356,655
1,38.471111,-122.703568,656
1,38.4711,-122.703583,657
1,38.471085,-122.70359,658
1,38.471073,-122.70359,659
1,38.471062,-122.703606,660
1,38.471046,-122.703606,661
1,38.471031,-122.703613,662
1,38.47102,-122.703621,663
1,38.471004,-122.703629,664
1,38.470993,-122.703636,665
1,38.470978,-122.703644,666
1,38.470966,-122.703644,667
1,38.445377,-122.717331,668
1,38.444988,-122.717552,669
1,38.444962,-122.71756,670
1,38.444756,-122.717567,671
1,38.444504,-122.717575,672
1,38.44429,-122.717583,673
1,38.444099,-122.717598,674
1,38.443962,-122.717621,675
1,38.443867,-122.717644,676
1,38.443829,-122.717651,677
1,38.443718,-122.717667,678
1,38.443546,-122.717682,679
1,38.443264,-122.71772,680
1,38.443142,-122.717735,681
1,38.443085,-122.717743,682
1,38.443001,-122.717751,683
1,38.442978,-122.717758,684
1,38.44294,-122.717758,685
1,38.442905,-122.717751,686
1,38.442871,-122.717743,687
1,38.442837,-122.717735,688
1,38.442799,-122.71772,689
1,38.442787,-122.717712,690
1,38.442768,-122.717697,691
1,38.442738,-122.717674,692
1,38.442707,-122.717651,693
1,38.442688,-122.717628,694
1,38.442665,-122.717606,695
1,38.44257,-122.717537,696
1,38.442303,-122.717339,697
1,38.442104,-122.717209,698
1,38.442043,-122.717163,699
1,38.441952,-122.717094,700
1,38.441814,-122.716995,701
1,38.441776,-122.716965,702
1,38.441616,-122.716858,703
1,38.441479,-122.716751,704
1,38.441463,-122.716743,705
1,38.441334,-122.716644,706
1,38.441296,-122.716614,707
1,38.441059,-122.716438,708
1,38.440807,-122.716255,709
1,38.440514,-122.716034,710
1,38.440445,-122.715988,711
1,38.440319,-122.715897,712
1,38.440151,-122.715782,713
1,38.440132,-122.715775,714
1,38.439964,-122.715637,715
1,38.439777,-122.715492,716
1,38.439678,-122.715431,717
1,38.439503,-122.715317,718
1,38.439121,-122.715012,719
1,38.43829,-122.714409,720
1,38.438526,-122.713882,721
2,38.439079,-122.712914,0
2,38.439751,-122.713387,1
2,38.441868,-122.706352,2
2,38.446274,-122.688583,3
2,38.444523,-122.687683,4
2,38.437599,-122.678795,5
2,38.439716,-122.660301,6
2,38.429802,-122.661247,7
2,38.426708,-122.66777,8
2,38.439247,-122.671501,9
2,38.438568,-122.68528,10
2,38.444843,-122.685539,11
2,38.44466,-122.687355,12
2,38.446171,-122.689529,13
2,38.443012,-122.706039,14
2,38.438896,-122.715034,15
2,38.438297,-122.714592,16
3,38.438339,-122.714554,0
3,38.439064,-122.718788,1
3,38.438709,-122.71981,2
3,38.440197,-122.72274,3
3,38.439686,-122.723907,4
3,38.441662,-122.725357,5
3,38.440643,-122.74453,6
3,38.445137,-122.751183,7
3,38.445435,-122.711136,8
3,38.441231,-122.710205,9
3,38.43961,-122.713242,10
3,38.439011,-122.712997,11
4,38.439041,-122.71302,0
4,38.453274,-122.717415,1
4,38.450974,-122.697807,2
4,38.444618,-122.687805,3
4,38.444958,-122.685921,4
4,38.446854,-122.686348,5
4,38.457024,-122.67141,6
4,38.471825,-122.676926,7
4,38.479736,-122.657227,8
4,38.465153,-122.653389,9
4,38.450771,-122.697121,10
4,38.453392,-122.717545,11
4,38.443008,-122.717911,12
4,38.438267,-122.714668,13
5,38.438992,-122.713051,0
5,38.43581,-122.705788,1
5,38.416462,-122.705559,2
5,38.405472,-122.7118,3
5,38.405743,-122.713493,4
5,38.416512,-122.70443,5
5,38.43082,-122.71006,6
5,38.433132,-122.704147,7
5,38.436974,-122.71209,8
5,38.438332,-122.714569,9
6,38.438316,-122.714561,0
6,38.438053,-122.766808,1
6,38.441090,-122.746201,2
6,38.433659,-122.740669,3
6,38.437313,-122.718376,4
6,38.439034,-122.712975,5
7,38.438961,-122.713058,0
7,38.44529,-122.705536,1
7,38.449539,-122.688583,2
7,38.444996,-122.685799,3
7,38.447937,-122.682892,4
7,38.457096,-122.671349,5
7,38.475719,-122.672752,6
7,38.479542,-122.657616,7
7,38.4589,-122.674179,8
7,38.454659,-122.67234,9
7,38.445915,-122.685974,10
7,38.445145,-122.687737,11
7,38.450264,-122.692818,12
7,38.44532,-122.705391,13
7,38.439251,-122.714233,14
7,38.438313,-122.714615,15
8,38.438942,-122.71312,0
8,38.449734,-122.668739,1
8,38.446674,-122.665504,2
8,38.443203,-122.662949,3
8,38.439621,-122.67141,4
8,38.447224,-122.677544,5
8,38.438118,-122.710052,6
8,38.438305,-122.71463,7
9,38.43829,-122.714607,0
9,38.431995,-122.719482,1
9,38.426861,-122.741119,2
9,38.415974,-122.740974,3
9,38.416016,-122.753914,4
9,38.425892,-122.753891,5
9,38.4198,-122.768539,6
9,38.424801,-122.76844,7
9,38.429279,-122.731171,8
9,38.423893,-122.729721,9
9,38.42881,-122.732361,10
9,38.431976,-122.719284,11
9,38.439011,-122.712898,12
10,38.438309,-122.71463,0
10,38.442451,-122.721031,1
10,38.442539,-122.724998,2
10,38.450085,-122.72644,3
10,38.455605,-122.727325,4
10,38.458706,-122.732582,5
10,38.460995,-122.717209,6
10,38.44474,-122.717751,7
10,38.439087,-122.715218,8
10,38.438992,-122.713081,9
11,38.457367,-122.732521,0
11,38.459904,-122.732567,1
11,38.459793,-122.750923,2
11,38.452885,-122.751396,3
11,38.452618,-122.769547,4
11,38.467026,-122.769699,5
11,38.467117,-122.75148,6
11,38.460152,-122.75119,7
11,38.459835,-122.732857,8
11,38.457706,-122.732658,9
12,38.438286,-122.714561,0
12,38.43721,-122.718811,1
12,38.431854,-122.720062,2
12,38.429333,-122.719215,3
12,38.426891,-122.717857,4
12,38.414433,-122.717514,5
12,38.413757,-122.733437,6
12,38.414909,-122.727058,7
12,38.429688,-122.728859,8
12,38.431755,-122.720444,9
12,38.436501,-122.720009,10
12,38.439606,-122.713432,11
12,38.439083,-122.712914,12
14,38.439087,-122.712898,0
14,38.460926,-122.717155,1
14,38.460018,-122.72451,2
14,38.464027,-122.725845,3
14,38.464127,-122.724365,4
14,38.470051,-122.724327,5
14,38.470856,-122.732185,6
14,38.471905,-122.732437,7
14,38.468815,-122.744675,8
14,38.479591,-122.747169,9
14,38.479782,-122.735397,10
14,38.476105,-122.732918,11
14,38.474651,-122.728539,12
14,38.465252,-122.719482,13
14,38.461136,-122.717255,14
14,38.444981,-122.717712,15
14,38.44281,-122.71788,16
14,38.438358,-122.714539,17
15,38.45776,-122.732628,0
15,38.458569,-122.732628,1
15,38.452568,-122.750999,2
15,38.427643,-122.741318,3
15,38.426014,-122.753036,4
15,38.415844,-122.750977,5
15,38.412312,-122.741196,6
15,38.414162,-122.72963,7
15,38.402073,-122.729347,8
15,38.401802,-122.741043,9
15,38.411758,-122.741341,10
15,38.440769,-122.745033,11
15,38.452484,-122.750694,12
15,38.4585,-122.732826,13
15,38.457203,-122.732582,14
17,38.438328,-122.714584,0
17,38.438889,-122.715065,1
17,38.434158,-122.726471,2
17,38.455292,-122.73774,3
17,38.456402,-122.736389,4
17,38.467274,-122.741638,5
17,38.467377,-122.744209,6
17,38.468578,-122.744766,7
17,38.472034,-122.732742,8
17,38.460163,-122.73262,9
17,38.457233,-122.732582,10
18,38.439087,-122.712997,0
18,38.436954,-122.707588,1
18,38.432072,-122.708939,2
18,38.423012,-122.707664,3
18,38.416588,-122.713562,4
18,38.413486,-122.704201,5
18,38.413185,-122.713051,6
18,38.429592,-122.711418,7
18,38.433449,-122.688438,8
18,38.434509,-122.683563,9
18,38.433987,-122.687141,10
18,38.43465,-122.687683,11
18,38.441566,-122.687248,12
18,38.443768,-122.685135,13
18,38.444569,-122.687508,14
18,38.449497,-122.688446,15
18,38.444759,-122.704895,16
18,38.443054,-122.704285,17
18,38.438499,-122.714806,18
19,38.439091,-122.712868,0
19,38.413624,-122.733986,1
19,38.405434,-122.712029,2
19,38.406662,-122.712074,3
19,38.414783,-122.713387,4
19,38.437881,-122.713875,5
19,38.438316,-122.714539,6


